# some hillclimbed values:

1000 = [43, 40, 1, -9, 10, -20, 33, -6, 81, 19, 37, 9, 95, -29, 58, 0, 1, -74, 143, -21, 42, -27, 1, -13, 133, -6, 1, -15, 16, -1, 245, 14, 225, 49, 96, -46, 20, -36, 2, -20, 128, 5, 24, 30, 47, -39, 78, 8, 258, 39]

1000 = [21, 13, 1, -5, 6, -11, 12, -6, 29, 4, 62, 0, 72, 17, 52, -1, 67, 10, 104, 11, 62, -5, 43, 0, 59, -15, 6, -12, 47, -4, 74, -24, 73, -11, 77, -5, 24, -1, 81, -6, 30, 11, 103, 5, 85, 12, 23, -12, 4, -8]

22/7 = [1, 1, 1, -1, 2, -1, 7, 4, 3, 6, 6, 0, 10, 0, 12, -1, 8, 1, 14, -1, 4, 0, 6, -1, 7, 2, 10, 0, 10, 2, 9, 0, 1, -3, 8, 2, 8, 1, 6, 1, 10, -2, 6, -2, 5, 2, 9, -2, 9, 0]

22/7 = [1, 2, 1, -1, 14, 10, 10, 0, 11, -1, 20, 4, 5, -5, 5, -1, 8, -1, 16, -4, 14, -2, 22, 4, 19,-1, 10, 4, 20, 1, 20, 4, 15, 5, 24, 1, 21, 4, 21, 6, 21, -4, 3, 1, 26, 2, 18, -4, 19, 1]

22/7 = [2, 1, 1, -1, 10, -53, 29, -51, 22, -49, 32, -43, 32, -30, 42, -40, 58, -50, 57, -48, 1, -3, 1, -36, 1, -38, 72, -25, 6, -12, 91, -70, 186, -31, 1, -1, 2, 21, 88, -52, 172, -60, 1, -20, 173, -9, 2, 34, 36, -2]

22/7 = [2, 2, 1, 1, 1, 1, 1, 1, 0, 1, 1, 1, 1, 0, 1, 1, 1, 2, 1, 1, 1, 1, 1, 1, 1, 0, 1, 3, -1, 1, 2, 1, 1, 1, 2, 2, 1, 1, 1, 1, 0, 1, 1, 1, 1, 0, 1, 0, 2, 1]

22/7 = [3, 1, 2, -5, -1, 0, -4, 0, 1, 1, 3, 8, -2, 1, -1, -2, -5, 3, -1, 13, 7, -2, 6, -2, -5, 0, -6, -2, 2, 4, 1, 2, -1, 2, 0, -1, 1, -1, 10, 0, -4, 9, -2, -3, 0, -6, -2, 1, 7, 0]

1964 = [27, 5, 1, -4, 4, 1, 7, -28, -3, 1, 0, 4, 1, 1, 1, 5, 5, -4, 1, 1, 1, 4, -3, 1, 1, 2, 1, -3, 1, 1, 1, -3, 1, 1, 7, 1, 1, 1, 1, 1, 1, -2, 1, 1, 1, 1, 1, 0, -9, 2

1964 = [17, 11, 1, -2, 2, 1, 16, -6, 0, 1, -8, 4, 12, -1, -1, 2, 6, 1, 2, 5, -2, 3, 4, 1, 1, 2, 2, -1, 0, 2, 5, 5, 3, 2, -2, 1, 3, 0, -3, 3, 10, 2, -3, -15, 1, -4, -1, 3, 2, 2]

1964 = [11, 7, 1, -1, 3, 5, 0, 2, 1, 1, -1, 1, 1, 1, 1, -1, 3, 3, 2, 1, -3, 1, 1, -2, -2, -3, 1, -2, 2, 3, 5, 2, 12, 0, 9, 2, 5, -5, 0, 7, 3, 0, 6, -3, 2, -3, -3, 3, 5, 7]

19640911 = [171, 20, 0, 1, 174, 19, 1, -4, 1, 4, 0, 1, 2, 2, 4, 3, -1, 1, 3, -2, 2, 2, 3, 3, 1, 1, 1, 4, 1, -1, 15, 19, 5, -2, 0, 2, 5, 1, -15, 11, -2, -1, -4, 10, -1, 2, 0, 2, 0, 4]

19640911 = [-11, 7, 0, 1, -6, 7, 0, 1, 1, 5, 0, 1, 7, 12, 0, 1, 8, 12, 0, 1, -2, 9, 1, 1, 2, -1, 0, 1, 3, 1, 4, -3, 3, 2, 4, -2, 1, -1, 2, 1, 4, 3, -1, 2, 3, -1, -4, -4, 3, 0]

19640911 = [-377, 19, 0, 1, -383, 5, 0, 1, -413, 8, 1, -1, 4, 2, 4, -2, 1, -1, 1, -3, -3, 4, -4, 1, -396, 14, 2, -2, 2, 2, -3, 1, -1, 3, 1, 3, 7, 4, -6, 2, 0, 3, 0, 11, 4, -1, 4, -1, 2, 0]


1/1000000 = [1, -1, 1, 1, -1, 10, 1, -1, 1, 1, -2, 11, 1, -1, 1, 1, 0, 9, 0, 1, 2, 9, 0, 1, 4, 9, 0, 1, 8, 2, 0, 1, 2]

1/1000000 = [0, 1, 0, 8, 0, 1, 8, 8, 0, 1, 0, 9, 1, -1, 1, 1, 7, 6, 0, 1, 4, 4, 0, 1, 3, 4, 0, 1, 2, 5, 0, 1, 3]

1/9 = [0, 1, 3, 3, 1, -1, 2, 0, 2, 1, 0, 1, 2, 1, 1, 1, 1, 1, 1, 1, 1, 1, 1, 1, 1, 1, 1, 1, 1, 1, 1, 0, 3]

1/9 = [1, -1, 2, -1, 1, 1, 1, 2, 1, -1, 1, 1, 1, 2, 1, 1, 1, 0, 1, 2, 1, -1, 1, 1, 1, 1, 1, 1, 1, 1, 1, 2, 1]

1/9 = [0, 1, 2, 2, 1, -1, 1, 1, 1, 1, 0, 1, 1, 1, 1, 1, 1, 0, 2, 1, 1, 1, 1, 1, 1, 1, 1, 1, 1, 0, 1, 1, 1]

1/1000 = [0, 1, -5, 5, 1, -1, 1, 1, 2, 6, 1, -1, 1, 1, 2, 6, 0, 1, 1, 2, 1, -1, 1, 1, 1, 0, 0, 1, 1, 1, 1, 1, 1]

1/1000 = [1, -1, 1, 1, 3, 3, 1, -1, 1, 1, 1, 5, 1, -1, 1, 1, 5, 4, 1, -1, 1, 1, 2, 3, 0, 1, 1, 3, 1, 0, 1, -2, 1]

1/1000 = [1, -1, -1, 1, 1, -1, 1, 1, 1, 1, -1, 10, 1, -1, 1, 1, 0, 9, 1, -1, 1, 1, 7, 3, 1, 0, 3, 1, 0, 1, 2, -1, 2]

1/1000 = [1, 1, 1, -1, 1, 1, 1, 1, -1, 1, 1, 1, 1, 1, 1, 1, 3, 12, 1, -1, 1, 1, 5, 7, 1, -1, 1, 1, 4, 6, 1, 0, 1]

1964 = [7, 7, 0, 1, 3, 8, 0, 1, 7, 7, 1, -4, 5, 2, 5, 2, 4, 2, 1, 5, 2, 3, 4, 4, 2, 5, -2, 3, 5, 5, 0, 2, 2, 2]

2018 = [8, 17, 0, 1, 10, 8, 0, 1, 12, 6, 3, 4, 3, 3, 2, 2, 5, 5, 1, 2, 3, 0, 8, 4, 4, 7, 2, 3, -1, 5, 5, 5, 4, 5]

2018 = [2, 12, 0, 1, 8, 8, 0, 1, 6, 4, 0, 2, 7, 0, 2, 2, 0, 6, 1, 4, 4, 4, 3, 5, 4, -1, 5, 4, 4, 4, 4, 0, 4, 2]

22/7 = [3, (5/46), 0, 2, 2, 2, 3, 2, 8, 4, 2, (-2/19), 0, 1, 2, 2, 0, 2, 4, 3, 6, 5, 1, 2, 3, 0, 6, 6, 3, 2, 2, 2, 5, 4]

22/7 = [3, (1/8), 1, -1, 5, 3, 1, 0, 3, 4, 1, 3, 1, 4, 3, 1, 3, 5, 3, 2, 3, 2, 1, 2, 2, 4, 4, 4, 4, 1, 5, 5, 2, 3]

1964/911 = [1, 1, 1, -1, 4, 4, 1, 1, 4, 3, 3, -2, 1, 1, 1, 1, 0, 2, 1, 3, 2, 1, 1, 1, 0, 1, 3, 1, 0, 1, 1, 1, 2]

1964/911 = [1, 2, 1, 1, 1, 1, 2, 2, 2, 1, 1, 1, 3, 1, 1, -1, 1, 1, 1, -1, 2, 2, 1, 1, 2, 3, 0, 1, 2, 3, 0, 3, 3]

1964/911 = [1, 1, 1, -1, 1, 2, 0, 1, 0, 2, 0, 1, 1, 2, 3, 1, 1, 1, 0, 1, 1, 1, 0, 1, 1, 1, 1, 5, 1, 1, 3, 2, 5]

1/1000 = [-1, -6, -5, 5, -3, -5, 3, -7, 14, -6, 7, 4, -5]

19640911 = [-41, 106, 0, 1, -173, -35, -1, -6, -7, -7, -7, -1, 126]

19640911 = [419, 428, 1, 8, -8, 1, -250, 422, -7, -10, -2, -5, -9]

1964 = [128, 153, 1, -11, 12]

1/1000 = [0, 1, 474, -526, -1]

1/1000000 = [0, 1, 1000, -4500, 3, -23, 7, -19, -29]

1/1000000 = [0, -1, -224, 796, 0, 1, -636, 620, -1]

1/1000000 = [1, -1, 1, 1, 0, -27, 1, -3, 3, -1, -29, 25, -1, 1, 1, 1, 0, 31, 0, 1, -16]
