a: [0, 13, 17, 7, 6, 18, 20, 2, 13, 13, 16, 18] (136929/189757 0.7216018381403584)
b: [0, 4, 1, 3, 6, 11, 6, 17, 9, 8, 12, 17] (31202/10961 2.8466380804671108)


a: [0, 15, 18, 15, 12, 20, 17, 6, 4, 10, 9, 17] (22840/29153 0.7834528178918121)
b: [0, 14, 5, 11, 17, 1, 1, 1, 14, 16, 13, 3] (4018/1611 2.494103041589075)


a: [0, 6, 4, 20, 20, 1, 9, 20, 18, 15, 2, 12] (161781/134684 1.2011894508627603)
b: [0, 14, 14, 2, 15, 5, 9, 5, 12, 4, 2, 16] (22505/22712 0.9908858753082072)


a: [0, 8, 2, 14, 17, 4, 1, 14, 10, 17, 7, 8] (1011/347 2.913544668587896)
b: [0, 13, 7, 14, 7, 11, 4, 13, 1, 6, 13, 2] (676/457 1.4792122538293218)

a: [0, 3, 18, 4, 9, 3, 13, 2, 14, 7, 17, 18] (4305/26452 0.16274761832753665)
b: [0, 3, 1, 13, 2, 8, 12, 1, 7, 18, 10, 3] (10542/20687 0.5095953980760866)
